15.420      5.1881      
17.291      3.4891      
19.385      3.6236      
22.123      4.5946      
23.893      4.3578      
26.492      2.6786      
28.416      1.5032      
30.574      1.2565      
32.855      2.2873      
35.231      3.0063      
37.379      2.6054      
39.324      1.3600      
41.948      0.23126     
44.419      0.21946     
45.676      1.2041      
47.936      2.3565      
50.020      2.5376      
52.209      1.9028      
54.579      0.77120     
58.930      0.43531e-01 
61.117      0.36244     
62.638      0.80466     
64.711      0.89841     
66.912      0.64972     
69.271      0.27303     
71.357      0.26479e-01 
73.649      0.46490e-01 
75.565      0.29498     
77.112      0.59824     
79.122      0.82994     
81.222      0.84648     
83.385      0.69483     
85.245      0.48450     
87.807      0.33803     
89.477      0.45215     
91.736      0.88489     
93.699      1.4447      
95.384      1.8304      
97.813      2.0076      
99.663      1.4515      
101.86      1.0497      
103.71      0.75892     
105.90      0.57946     
107.57      0.76120     
109.57      1.1149      
111.59      1.4918      
113.69      1.4942      
115.49      1.2946      
117.36      0.85502     
119.61      0.52541     
121.74      0.48075     
123.78      0.60925     
125.44      0.82982     
127.16      0.94317     
129.30      0.84752     
131.17      0.56997     
133.16      0.25743     
135.14      0.35852e-01 
136.97      0.27367e-01 
139.13      0.24943     
140.67      0.51511     
141.96      0.76783     
144.33      1.0276      
146.01      1.3499      
147.83      1.0684      
149.69      0.74500     
151.38      0.27568     
155.00      0.18904     
156.60      1.0565      
158.50      2.1823      
160.14      3.2539      
162.20      3.6993      
163.69      2.8230      
165.98      1.5010      
168.33      0.19450     
171.03      3.0524      
172.50      8.2693      
174.39      17.082      
176.03      25.470  